6 33 
0 0.25 4 1 0 0 0 
0 0 0 1 0 0 0 
-2 1 0 1 0 0 0 
0.5 0.625 0 1 0 0 0 
0.25 0 0 1 0 0 0 
0.7 0 0 1 0 0 0 
-0.5 0.625 0 1 0 0 0 
-0.7 0 0 1 0 0 0 
-0.7 0 0 1 0 0 0 
0.375 -0.75 0 1 0 0 0 
0 -0.7 0 1 0 0 0 
0 -0.7 0 1 0 0 0 
-0.375 -0.75 0 1 0 0 0 
0 -0.7 0 1 0 0 0 
0 -0.7 0 1 0 0 0 
0 0.75 0 1 0 0 0 
2 1 0 1 0 0 0 
0.5 0.625 0 1 0 0 0 
0.25 0 0 1 0 0 0 
0.7 0 0 1 0 0 0 
-0.5 0.625 0 1 0 0 0 
-0.7 0 0 1 0 0 0 
-0.7 0 0 1 0 0 0 
0.375 -0.75 0 1 0 0 0 
0 -0.7 0 1 0 0 0 
0 -0.7 0 1 0 0 0 
-0.375 -0.75 0 1 0 0 0 
0 -0.7 0 1 0 0 0 
0 -0.7 0 1 0 0 0 
0 0.75 0 1 0 0 0 
2 5 10 1 0 0 0 
-2 5 -10 1 0 0 0 
0 1.5 -1 1 0 0 0 
0 0.25 4 1 0 0 0 
0 0 0 1 0 0 0 
-2 1 0 1 0 0 0 
0.5 0.625 0 0.933506 0.180795 -0.30848 -0.0268287 
0.25 0 0 1 0 0 0 
0.7 0 0 1 0 0 0 
-0.5 0.625 0 1 0 0 0 
-0.7 0 0 1 0 0 0 
-0.7 0 0 1 0 0 0 
0.375 -0.75 0 1 0 0 0 
0 -0.7 0 1 0 0 0 
0 -0.7 0 1 0 0 0 
-0.375 -0.75 0 1 0 0 0 
0 -0.7 0 1 0 0 0 
0 -0.7 0 1 0 0 0 
0 0.75 0 1 0 0 0 
2 1 0 1 0 0 0 
0.5 0.625 0 1 0 0 0 
0.25 0 0 1 0 0 0 
0.7 0 0 1 0 0 0 
-0.5 0.625 0 0.858141 0.417409 0.258516 0.15011 
-0.7 0 0 1 0 0 0 
-0.7 0 0 1 0 0 0 
0.375 -0.75 0 1 0 0 0 
0 -0.7 0 1 0 0 0 
0 -0.7 0 1 0 0 0 
-0.375 -0.75 0 1 0 0 0 
0 -0.7 0 1 0 0 0 
0 -0.7 0 1 0 0 0 
0 0.75 0 1 0 0 0 
2 5 10 1 0 0 0 
-2 5 -10 1 0 0 0 
0 1.5 -1 1 0 0 0 
0 0.25 4 1 0 0 0 
0 0 0 1 0 0 0 
-2 1 0 1 0 0 0 
0.5 0.625 0 0.933506 0.180795 -0.30848 -0.0268287 
0.25 0 0 1 0 0 0 
0.7 0 0 1 0 0 0 
-0.5 0.625 0 1 0 0 0 
-0.7 0 0 1 0 0 0 
-0.7 0 0 1 0 0 0 
0.375 -0.75 0 1 0 0 0 
0 -0.7 0 1 0 0 0 
0 -0.7 0 1 0 0 0 
-0.375 -0.75 0 1 0 0 0 
0 -0.7 0 1 0 0 0 
0 -0.7 0 1 0 0 0 
0 0.75 0 1 0 0 0 
2 1 0 1 0 0 0 
0.5 0.625 0 1 0 0 0 
0.25 0 0 1 0 0 0 
0.7 0 0 1 0 0 0 
-0.5 0.625 0 0.858141 0.417409 0.258516 0.15011 
-0.7 0 0 1 0 0 0 
-0.7 0 0 1 0 0 0 
0.375 -0.75 0 1 0 0 0 
0 -0.7 0 1 0 0 0 
0 -0.7 0 1 0 0 0 
-0.375 -0.75 0 1 0 0 0 
0 -0.7 0 1 0 0 0 
0 -0.7 0 1 0 0 0 
0 0.75 0 1 0 0 0 
2 5 10 1 0 0 0 
-2 5 -10 1 0 0 0 
0 1.5 -1 0.946313 0.115791 0.300267 0.0303916 
0 0.25 4 1 0 0 0 
0 0 0 1 0 0 0 
-2 1 0 1 0 0 0 
0.5 0.625 0 0.933506 0.180795 -0.30848 -0.0268287 
0.25 0 0 1 0 0 0 
0.7 0 0 1 0 0 0 
-0.5 0.625 0 1 0 0 0 
-0.7 0 0 1 0 0 0 
-0.7 0 0 1 0 0 0 
0.375 -0.75 0 0.852961 -0.276522 0.412792 0.159984 
0 -0.7 0 1 0 0 0 
0 -0.7 0 1 0 0 0 
-0.375 -0.75 0 1 0 0 0 
0 -0.7 0 1 0 0 0 
0 -0.7 0 1 0 0 0 
0 0.75 0 1 0 0 0 
2 1 0 1 0 0 0 
0.5 0.625 0 1 0 0 0 
0.25 0 0 1 0 0 0 
0.7 0 0 1 0 0 0 
-0.5 0.625 0 0.858141 0.417409 0.258516 0.15011 
-0.7 0 0 1 0 0 0 
-0.7 0 0 1 0 0 0 
0.375 -0.75 0 1 0 0 0 
0 -0.7 0 1 0 0 0 
0 -0.7 0 1 0 0 0 
-0.375 -0.75 0 1 0 0 0 
0 -0.7 0 1 0 0 0 
0 -0.7 0 1 0 0 0 
0 0.75 0 1 0 0 0 
2 5 10 1 0 0 0 
-2 5 -10 1 0 0 0 
0 1.5 -1 0.946313 0.115791 0.300267 0.0303916 
0 0.25 4 1 0 0 0 
0 0 0 1 0 0 0 
-2 1 0 1 0 0 0 
0.5 0.625 0 0.933506 0.180795 -0.30848 -0.0268287 
0.25 0 0 1 0 0 0 
0.7 0 0 1 0 0 0 
-0.5 0.625 0 1 0 0 0 
-0.7 0 0 1 0 0 0 
-0.7 0 0 1 0 0 0 
0.375 -0.75 0 0.852961 -0.276522 0.412792 0.159984 
0 -0.7 0 1 0 0 0 
0 -0.7 0 1 0 0 0 
-0.375 -0.75 0 1 0 0 0 
0 -0.7 0 1 0 0 0 
0 -0.7 0 1 0 0 0 
0 0.75 0 1 0 0 0 
2 1 0 1 0 0 0 
0.5 0.625 0 1 0 0 0 
0.25 0 0 1 0 0 0 
0.7 0 0 1 0 0 0 
-0.5 0.625 0 0.858141 0.417409 0.258516 0.15011 
-0.7 0 0 1 0 0 0 
-0.7 0 0 1 0 0 0 
0.375 -0.75 0 1 0 0 0 
0 -0.7 0 1 0 0 0 
0 -0.7 0 1 0 0 0 
-0.375 -0.75 0 0.793991 -0.145195 -0.584631 -0.0818735 
0 -0.7 0 1 0 0 0 
0 -0.7 0 1 0 0 0 
0 0.75 0 1 0 0 0 
2 5 10 1 0 0 0 
-2 5 -10 1 0 0 0 
0 1.5 -1 0.946313 0.115791 0.300267 0.0303916 
0 0.25 4 1 0 0 0 
0 0 0 1 0 0 0 
-2 1 0 1 0 0 0 
0.5 0.625 0 0.933506 0.180795 -0.30848 -0.0268287 
0.25 0 0 1 0 0 0 
0.7 0 0 1 0 0 0 
-0.5 0.625 0 1 0 0 0 
-0.7 0 0 1 0 0 0 
-0.7 0 0 1 0 0 0 
0.375 -0.75 0 0.852961 -0.276522 0.412792 0.159984 
0 -0.7 0 1 0 0 0 
0 -0.7 0 1 0 0 0 
-0.375 -0.75 0 1 0 0 0 
0 -0.7 0 1 0 0 0 
0 -0.7 0 1 0 0 0 
0 0.75 0 1 0 0 0 
2 1 0 1 0 0 0 
0.5 0.625 0 1 0 0 0 
0.25 0 0 1 0 0 0 
0.7 0 0 1 0 0 0 
-0.5 0.625 0 0.858141 0.417409 0.258516 0.15011 
-0.7 0 0 1 0 0 0 
-0.7 0 0 1 0 0 0 
0.375 -0.75 0 1 0 0 0 
0 -0.7 0 1 0 0 0 
0 -0.7 0 1 0 0 0 
-0.375 -0.75 0 0.793991 -0.145195 -0.584631 -0.0818735 
0 -0.7 0 1 0 0 0 
0 -0.7 0 1 0 0 0 
0 0.75 0 1 0 0 0 
2 5 10 1 0 0 0 
-2 5 -10 1 0 0 0 
0 1.5 -1 0.942971 -0.179856 0.263961 -0.0937144 
