9 30 
0 0.25 4 1 0 0 0 
0 0 0 1 0 0 0 
-2 1 0 1 0 0 0 
0.5 0.625 0 1 0 0 0 
0.25 0 0 1 0 0 0 
0.7 0 0 1 0 0 0 
-0.5 0.625 0 1 0 0 0 
-0.7 0 0 1 0 0 0 
-0.7 0 0 1 0 0 0 
0.375 -0.75 0 1 0 0 0 
0 -0.7 0 1 0 0 0 
0 -0.7 0 1 0 0 0 
-0.375 -0.75 0 1 0 0 0 
0 -0.7 0 1 0 0 0 
0 -0.7 0 1 0 0 0 
0 0.75 0 1 0 0 0 
2 1 0 1 0 0 0 
0.5 0.625 0 1 0 0 0 
0.25 0 0 1 0 0 0 
0.7 0 0 1 0 0 0 
-0.5 0.625 0 0.918238 0.231178 0.312104 0.0773775 
-0.7 0 0 1 0 0 0 
-0.7 0 0 1 0 0 0 
0.375 -0.75 0 1 0 0 0 
0 -0.7 0 1 0 0 0 
0 -0.7 0 1 0 0 0 
-0.375 -0.75 0 1 0 0 0 
0 -0.7 0 1 0 0 0 
0 -0.7 0 1 0 0 0 
0 0.75 0 1 0 0 0 
-0.164995 -1.83867 3.55733 0.955963 0.26687 0.00478205 -0.122033 
0 0 0 1 0 0 0 
-2 1 0 1 0 0 0 
0.5 0.625 0 1 0 0 0 
0.25 0 0 1 0 0 0 
0.7 0 0 1 0 0 0 
-0.5 0.625 0 1 0 0 0 
-0.7 0 0 1 0 0 0 
-0.7 0 0 1 0 0 0 
0.375 -0.75 0 1 0 0 0 
0 -0.7 0 1 0 0 0 
0 -0.7 0 1 0 0 0 
-0.375 -0.75 0 1 0 0 0 
0 -0.7 0 1 0 0 0 
0 -0.7 0 1 0 0 0 
0 0.75 0 1 0 0 0 
2 1 0 1 0 0 0 
0.5 0.625 0 1 0 0 0 
0.25 0 0 1 0 0 0 
0.7 0 0 1 0 0 0 
-0.5 0.625 0 0.918238 0.231178 0.312104 0.0773775 
-0.7 0 0 1 0 0 0 
-0.7 0 0 1 0 0 0 
0.375 -0.75 0 1 0 0 0 
0 -0.7 0 1 0 0 0 
0 -0.7 0 1 0 0 0 
-0.375 -0.75 0 1 0 0 0 
0 -0.7 0 1 0 0 0 
0 -0.7 0 1 0 0 0 
0 0.75 0 1 0 0 0 
0 0.25 4 1 0 0 0 
0 0 0 1 0 0 0 
-2 1 0 1 0 0 0 
0.5 0.625 0 1 0 0 0 
0.25 0 0 1 0 0 0 
0.7 0 0 1 0 0 0 
-0.5 0.625 0 1 0 0 0 
-0.7 0 0 1 0 0 0 
-0.7 0 0 1 0 0 0 
0.375 -0.75 0 1 0 0 0 
0 -0.7 0 1 0 0 0 
0 -0.7 0 1 0 0 0 
-0.375 -0.75 0 1 0 0 0 
0 -0.7 0 1 0 0 0 
0 -0.7 0 1 0 0 0 
0 0.75 0 1 0 0 0 
2 1 0 1 0 0 0 
0.5 0.625 0 1 0 0 0 
0.25 0 0 1 0 0 0 
0.7 0 0 1 0 0 0 
-0.5 0.625 0 0.918238 0.231178 0.312104 0.0773775 
-0.7 0 0 1 0 0 0 
-0.7 0 0 1 0 0 0 
0.375 -0.75 0 1 0 0 0 
0 -0.7 0 1 0 0 0 
0 -0.7 0 1 0 0 0 
-0.375 -0.75 0 0.696679 -0.200479 -0.67348 -0.144466 
0 -0.7 0 1 0 0 0 
0 -0.7 0 1 0 0 0 
0 0.75 0 1 0 0 0 
0 0.25 4 1 0 0 0 
0 0 0 1 0 0 0 
-2 1 0 0.959124 -0.0110764 0.28261 0.00951444 
0.5 0.625 0 1 0 0 0 
0.25 0 0 1 0 0 0 
0.7 0 0 1 0 0 0 
-0.5 0.625 0 1 0 0 0 
-0.7 0 0 1 0 0 0 
-0.7 0 0 1 0 0 0 
0.375 -0.75 0 1 0 0 0 
0 -0.7 0 1 0 0 0 
0 -0.7 0 1 0 0 0 
-0.375 -0.75 0 1 0 0 0 
0 -0.7 0 1 0 0 0 
0 -0.7 0 1 0 0 0 
0 0.75 0 1 0 0 0 
2 1 0 1 0 0 0 
0.5 0.625 0 1 0 0 0 
0.25 0 0 1 0 0 0 
0.7 0 0 1 0 0 0 
-0.5 0.625 0 0.918238 0.231178 0.312104 0.0773775 
-0.7 0 0 1 0 0 0 
-0.7 0 0 1 0 0 0 
0.375 -0.75 0 1 0 0 0 
0 -0.7 0 1 0 0 0 
0 -0.7 0 1 0 0 0 
-0.375 -0.75 0 0.696679 -0.200479 -0.67348 -0.144466 
0 -0.7 0 1 0 0 0 
0 -0.7 0 1 0 0 0 
0 0.75 0 1 0 0 0 
0 0.25 4 1 0 0 0 
0 0 0 1 0 0 0 
-2 1 0 0.959124 -0.0110764 0.28261 0.00951444 
0.5 0.625 0 1 0 0 0 
0.25 0 0 1 0 0 0 
0.7 0 0 1 0 0 0 
-0.5 0.625 0 1 0 0 0 
-0.7 0 0 1 0 0 0 
-0.7 0 0 1 0 0 0 
0.375 -0.75 -3.29597e-16 0.762927 -0.371238 0.525481 0.0631981 
0 -0.7 0 1 0 0 0 
0 -0.7 0 1 0 0 0 
-0.375 -0.75 0 1 0 0 0 
0 -0.7 0 1 0 0 0 
0 -0.7 0 1 0 0 0 
0 0.75 0 1 0 0 0 
2 1 0 1 0 0 0 
0.5 0.625 0 1 0 0 0 
0.25 0 0 1 0 0 0 
0.7 0 0 1 0 0 0 
-0.5 0.625 0 0.918238 0.231178 0.312104 0.0773775 
-0.7 0 0 1 0 0 0 
-0.7 0 0 1 0 0 0 
0.375 -0.75 0 1 0 0 0 
0 -0.7 0 1 0 0 0 
0 -0.7 0 1 0 0 0 
-0.375 -0.75 0 0.696679 -0.200479 -0.67348 -0.144466 
0 -0.7 0 1 0 0 0 
0 -0.7 0 1 0 0 0 
0 0.75 0 1 0 0 0 
-0.104717 -1.77891 3.58985 0.960302 0.258161 0.00798249 -0.105399 
0 0 0 1 0 0 0 
-2 1 0 0.959124 -0.0110764 0.28261 0.00951444 
0.5 0.625 0 1 0 0 0 
0.25 0 0 1 0 0 0 
0.7 0 0 1 0 0 0 
-0.5 0.625 0 1 0 0 0 
-0.7 0 0 1 0 0 0 
-0.7 0 0 1 0 0 0 
0.375 -0.75 -3.29597e-16 0.762927 -0.371238 0.525481 0.0631981 
0 -0.7 0 1 0 0 0 
0 -0.7 0 1 0 0 0 
-0.375 -0.75 0 1 0 0 0 
0 -0.7 0 1 0 0 0 
0 -0.7 0 1 0 0 0 
0 0.75 0 1 0 0 0 
2 1 0 1 0 0 0 
0.5 0.625 0 1 0 0 0 
0.25 0 0 1 0 0 0 
0.7 0 0 1 0 0 0 
-0.5 0.625 0 0.918238 0.231178 0.312104 0.0773775 
-0.7 0 0 1 0 0 0 
-0.7 0 0 1 0 0 0 
0.375 -0.75 0 1 0 0 0 
0 -0.7 0 1 0 0 0 
0 -0.7 0 1 0 0 0 
-0.375 -0.75 0 0.696679 -0.200479 -0.67348 -0.144466 
0 -0.7 0 1 0 0 0 
0 -0.7 0 1 0 0 0 
0 0.75 0 1 0 0 0 
-0.104717 -1.77891 3.58985 0.960302 0.258161 0.00798249 -0.105399 
0 0 0 1 0 0 0 
-2 1 0 0.959124 -0.0110764 0.28261 0.00951444 
0.5 0.625 0 1 0 0 0 
0.25 0 0 1 0 0 0 
0.7 0 0 1 0 0 0 
-0.5 0.625 0 1 0 0 0 
-0.7 0 0 1 0 0 0 
-0.7 0 0 1 0 0 0 
0.375 -0.75 -3.29597e-16 0.762927 -0.371238 0.525481 0.0631981 
0 -0.7 0 1 0 0 0 
0 -0.7 0 1 0 0 0 
-0.375 -0.75 0 1 0 0 0 
0 -0.7 0 1 0 0 0 
0 -0.7 0 1 0 0 0 
-1.92554e-16 0.75 -3.05311e-16 0.849348 0.381222 0.266301 0.249722 
2 1 0 1 0 0 0 
0.5 0.625 0 1 0 0 0 
0.25 0 0 1 0 0 0 
0.7 0 0 1 0 0 0 
-0.5 0.625 0 0.918238 0.231178 0.312104 0.0773775 
-0.7 0 0 1 0 0 0 
-0.7 0 0 1 0 0 0 
0.375 -0.75 0 1 0 0 0 
0 -0.7 0 1 0 0 0 
0 -0.7 0 1 0 0 0 
-0.375 -0.75 0 0.696679 -0.200479 -0.67348 -0.144466 
0 -0.7 0 1 0 0 0 
0 -0.7 0 1 0 0 0 
0 0.75 0 1 0 0 0 
-0.661719 0.95662 3.8353 0.989907 -0.0956813 -0.0719175 0.0758685 
0 0 0 1 0 0 0 
-2 1 0 0.959124 -0.0110764 0.28261 0.00951444 
0.5 0.625 0 1 0 0 0 
0.25 0 0 1 0 0 0 
0.7 0 0 1 0 0 0 
-0.5 0.625 0 1 0 0 0 
-0.7 0 0 1 0 0 0 
-0.7 0 0 1 0 0 0 
0.375 -0.75 -3.29597e-16 0.762927 -0.371238 0.525481 0.0631981 
0 -0.7 0 1 0 0 0 
0 -0.7 0 1 0 0 0 
-0.375 -0.75 0 1 0 0 0 
0 -0.7 0 1 0 0 0 
0 -0.7 0 1 0 0 0 
-1.92554e-16 0.75 -3.05311e-16 0.849348 0.381222 0.266301 0.249722 
2 1 0 1 0 0 0 
0.5 0.625 0 1 0 0 0 
0.25 0 0 1 0 0 0 
0.7 0 0 1 0 0 0 
-0.5 0.625 0 0.918238 0.231178 0.312104 0.0773775 
-0.7 0 0 1 0 0 0 
-0.7 0 0 1 0 0 0 
0.375 -0.75 0 1 0 0 0 
0 -0.7 0 1 0 0 0 
0 -0.7 0 1 0 0 0 
-0.375 -0.75 0 0.696679 -0.200479 -0.67348 -0.144466 
0 -0.7 0 1 0 0 0 
0 -0.7 0 1 0 0 0 
0 0.75 0 1 0 0 0 
0 0.25 4 1 0 0 0 
0 0 0 1 0 0 0 
-2 1 0 0.959124 -0.0110764 0.28261 0.00951444 
0.5 0.625 -3.04444e-16 0.806906 0.314059 -0.48733 0.113042 
0.25 0 0 1 0 0 0 
0.7 0 0 1 0 0 0 
-0.5 0.625 0 1 0 0 0 
-0.7 0 0 1 0 0 0 
-0.7 0 0 1 0 0 0 
0.375 -0.75 -3.29597e-16 0.762927 -0.371238 0.525481 0.0631981 
0 -0.7 0 1 0 0 0 
0 -0.7 0 1 0 0 0 
-0.375 -0.75 0 1 0 0 0 
0 -0.7 0 1 0 0 0 
0 -0.7 0 1 0 0 0 
0 0.75 0 1 0 0 0 
2 1 0 1 0 0 0 
0.5 0.625 0 1 0 0 0 
0.25 0 0 1 0 0 0 
0.7 0 0 1 0 0 0 
-0.5 0.625 0 0.918238 0.231178 0.312104 0.0773775 
-0.7 0 0 1 0 0 0 
-0.7 0 0 1 0 0 0 
0.375 -0.75 0 1 0 0 0 
0 -0.7 0 1 0 0 0 
0 -0.7 0 1 0 0 0 
-0.375 -0.75 0 0.696679 -0.200479 -0.67348 -0.144466 
0 -0.7 0 1 0 0 0 
0 -0.7 0 1 0 0 0 
0 0.75 0 1 0 0 0 
