7 32 
0 0.25 4 1 0 0 0 
0 0 0 1 0 0 0 
-2 1 0 1 0 0 0 
0.5 0.625 0 1 0 0 0 
0.25 0 0 1 0 0 0 
0.7 0 0 1 0 0 0 
-0.5 0.625 0 1 0 0 0 
-0.7 0 0 1 0 0 0 
-0.7 0 0 1 0 0 0 
0.375 -0.75 0 1 0 0 0 
0 -0.7 0 1 0 0 0 
0 -0.7 0 1 0 0 0 
-0.375 -0.75 0 1 0 0 0 
0 -0.7 0 1 0 0 0 
0 -0.7 0 1 0 0 0 
0 0.75 0 1 0 0 0 
2 1 0 1 0 0 0 
0.5 0.625 0 1 0 0 0 
0.25 0 0 1 0 0 0 
0.7 0 0 1 0 0 0 
-0.5 0.625 0 1 0 0 0 
-0.7 0 0 1 0 0 0 
-0.7 0 0 1 0 0 0 
0.375 -0.75 0 1 0 0 0 
0 -0.7 0 1 0 0 0 
0 -0.7 0 1 0 0 0 
-0.375 -0.75 0 1 0 0 0 
0 -0.7 0 1 0 0 0 
0 -0.7 0 1 0 0 0 
0 0.75 0 1 0 0 0 
2 5 10 1 0 0 0 
-2 5 -10 1 0 0 0 
0 0.25 4 1 0 0 0 
0 0 0 1 0 0 0 
-2 1 0 1 0 0 0 
0.5 0.625 0 1 0 0 0 
0.25 0 0 1 0 0 0 
0.7 0 0 1 0 0 0 
-0.5 0.625 0 1 0 0 0 
-0.7 0 0 1 0 0 0 
-0.7 0 0 1 0 0 0 
0.375 -0.75 0 1 0 0 0 
0 -0.7 0 1 0 0 0 
0 -0.7 0 1 0 0 0 
-0.375 -0.75 0 1 0 0 0 
0 -0.7 0 1 0 0 0 
0 -0.7 0 1 0 0 0 
0 0.75 0 1 0 0 0 
2 1 0 1 0 0 0 
0.5 0.625 0 1 0 0 0 
0.25 0 0 1 0 0 0 
0.7 0 0 1 0 0 0 
-0.5 0.625 0 1 0 0 0 
-0.7 0 0 1 0 0 0 
-0.7 0 0 1 0 0 0 
0.375 -0.75 0 1 0 0 0 
0 -0.7 0 1 0 0 0 
0 -0.7 0 1 0 0 0 
-0.375 -0.75 0 0.755381 -0.300744 -0.564387 -0.142901 
0 -0.7 0 1 0 0 0 
0 -0.7 0 1 0 0 0 
0 0.75 0 1 0 0 0 
2 5 10 1 0 0 0 
-2 5 -10 1 0 0 0 
0 0.25 4 1 0 0 0 
0 0 0 1 0 0 0 
-2 1 0 1 0 0 0 
0.5 0.625 0 1 0 0 0 
0.25 0 0 1 0 0 0 
0.7 0 0 1 0 0 0 
-0.5 0.625 0 1 0 0 0 
-0.7 0 0 1 0 0 0 
-0.7 0 0 1 0 0 0 
0.375 -0.75 0 0.829848 -0.0667174 0.494611 0.249522 
0 -0.7 0 1 0 0 0 
0 -0.7 0 1 0 0 0 
-0.375 -0.75 0 1 0 0 0 
0 -0.7 0 1 0 0 0 
0 -0.7 0 1 0 0 0 
0 0.75 0 1 0 0 0 
2 1 0 1 0 0 0 
0.5 0.625 0 1 0 0 0 
0.25 0 0 1 0 0 0 
0.7 0 0 1 0 0 0 
-0.5 0.625 0 1 0 0 0 
-0.7 0 0 1 0 0 0 
-0.7 0 0 1 0 0 0 
0.375 -0.75 0 1 0 0 0 
0 -0.7 0 1 0 0 0 
0 -0.7 0 1 0 0 0 
-0.375 -0.75 0 0.755381 -0.300744 -0.564387 -0.142901 
0 -0.7 0 1 0 0 0 
0 -0.7 0 1 0 0 0 
0 0.75 0 1 0 0 0 
2 5 10 1 0 0 0 
-2 5 -10 1 0 0 0 
0 0.25 4 1 0 0 0 
0 0 0 1 0 0 0 
-2 1 0 1 0 0 0 
0.5 0.625 0 0.842706 0.433391 -0.315411 -0.0503522 
0.25 0 0 1 0 0 0 
0.7 0 0 1 0 0 0 
-0.5 0.625 0 1 0 0 0 
-0.7 0 0 1 0 0 0 
-0.7 0 0 1 0 0 0 
0.375 -0.75 0 0.829848 -0.0667174 0.494611 0.249522 
0 -0.7 0 1 0 0 0 
0 -0.7 0 1 0 0 0 
-0.375 -0.75 0 1 0 0 0 
0 -0.7 0 1 0 0 0 
0 -0.7 0 1 0 0 0 
0 0.75 0 1 0 0 0 
2 1 0 1 0 0 0 
0.5 0.625 0 1 0 0 0 
0.25 0 0 1 0 0 0 
0.7 0 0 1 0 0 0 
-0.5 0.625 0 1 0 0 0 
-0.7 0 0 1 0 0 0 
-0.7 0 0 1 0 0 0 
0.375 -0.75 0 1 0 0 0 
0 -0.7 0 1 0 0 0 
0 -0.7 0 1 0 0 0 
-0.375 -0.75 0 0.755381 -0.300744 -0.564387 -0.142901 
0 -0.7 0 1 0 0 0 
0 -0.7 0 1 0 0 0 
0 0.75 0 1 0 0 0 
2 5 10 1 0 0 0 
-2 5 -10 1 0 0 0 
0 0.25 4 1 0 0 0 
0 0 0 1 0 0 0 
-2 1 0 1 0 0 0 
0.5 0.625 0 0.842706 0.433391 -0.315411 -0.0503522 
0.25 0 0 1 0 0 0 
0.7 0 0 1 0 0 0 
-0.5 0.625 0 1 0 0 0 
-0.7 0 0 1 0 0 0 
-0.7 0 0 1 0 0 0 
0.375 -0.75 0 0.829848 -0.0667174 0.494611 0.249522 
0 -0.7 0 1 0 0 0 
0 -0.7 0 1 0 0 0 
-0.375 -0.75 0 1 0 0 0 
0 -0.7 0 1 0 0 0 
0 -0.7 0 1 0 0 0 
0 0.75 0 1 0 0 0 
2 1 0 1 0 0 0 
0.5 0.625 0 1 0 0 0 
0.25 0 0 1 0 0 0 
0.7 0 0 1 0 0 0 
-0.5 0.625 0 0.758383 0.573676 0.209175 0.228029 
-0.7 0 0 1 0 0 0 
-0.7 0 0 1 0 0 0 
0.375 -0.75 0 1 0 0 0 
0 -0.7 0 1 0 0 0 
0 -0.7 0 1 0 0 0 
-0.375 -0.75 0 0.755381 -0.300744 -0.564387 -0.142901 
0 -0.7 0 1 0 0 0 
0 -0.7 0 1 0 0 0 
0 0.75 0 1 0 0 0 
2 5 10 1 0 0 0 
-2 5 -10 1 0 0 0 
0 0.25 4 1 0 0 0 
0 0 0 1 0 0 0 
-2 1 0 1 0 0 0 
0.5 0.625 0 0.842706 0.433391 -0.315411 -0.0503522 
0.25 0 0 1 0 0 0 
0.7 0 0 1 0 0 0 
-0.5 0.625 0 1 0 0 0 
-0.7 0 0 1 0 0 0 
-0.7 0 0 1 0 0 0 
0.375 -0.75 0 0.829848 -0.0667174 0.494611 0.249522 
0 -0.7 0 1 0 0 0 
0 -0.7 0 1 0 0 0 
-0.375 -0.75 0 1 0 0 0 
0 -0.7 0 1 0 0 0 
0 -0.7 0 1 0 0 0 
0 0.75 0 1 0 0 0 
2 1 0 0.849326 -0.000644587 -0.51884 -0.0972126 
0.5 0.625 0 1 0 0 0 
0.25 0 0 1 0 0 0 
0.7 0 0 1 0 0 0 
-0.5 0.625 0 0.758383 0.573676 0.209175 0.228029 
-0.7 0 0 1 0 0 0 
-0.7 0 0 1 0 0 0 
0.375 -0.75 0 1 0 0 0 
0 -0.7 0 1 0 0 0 
0 -0.7 0 1 0 0 0 
-0.375 -0.75 0 0.755381 -0.300744 -0.564387 -0.142901 
0 -0.7 0 1 0 0 0 
0 -0.7 0 1 0 0 0 
0 0.75 0 1 0 0 0 
2 5 10 1 0 0 0 
-2 5 -10 1 0 0 0 
0 0.25 4 1 0 0 0 
0 0 0 1 0 0 0 
-2 1 0 0.916711 -0.0579826 0.39192 0.051751 
0.5 0.625 0 0.842706 0.433391 -0.315411 -0.0503522 
0.25 0 0 1 0 0 0 
0.7 0 0 1 0 0 0 
-0.5 0.625 0 1 0 0 0 
-0.7 0 0 1 0 0 0 
-0.7 0 0 1 0 0 0 
0.375 -0.75 0 0.829848 -0.0667174 0.494611 0.249522 
0 -0.7 0 1 0 0 0 
0 -0.7 0 1 0 0 0 
-0.375 -0.75 0 1 0 0 0 
0 -0.7 0 1 0 0 0 
0 -0.7 0 1 0 0 0 
0 0.75 0 1 0 0 0 
2 1 0 0.849326 -0.000644587 -0.51884 -0.0972126 
0.5 0.625 0 1 0 0 0 
0.25 0 0 1 0 0 0 
0.7 0 0 1 0 0 0 
-0.5 0.625 0 0.758383 0.573676 0.209175 0.228029 
-0.7 0 0 1 0 0 0 
-0.7 0 0 1 0 0 0 
0.375 -0.75 0 1 0 0 0 
0 -0.7 0 1 0 0 0 
0 -0.7 0 1 0 0 0 
-0.375 -0.75 0 0.755381 -0.300744 -0.564387 -0.142901 
0 -0.7 0 1 0 0 0 
0 -0.7 0 1 0 0 0 
0 0.75 0 1 0 0 0 
2 5 10 1 0 0 0 
-2 5 -10 1 0 0 0 
